"gene.names","seq.lens","A","C","G","T"
"gene1.fasta","5794","0.26825018076645","0.269508315256688","0.252530730296457","0.209710773680405"
"gene2.fasta","4114","0.305910583737506","0.27351574494911","0.207444915555827","0.213128755757557"
"gene3.fasta","3199","0.330176284879503","0.241386748240093","0.26970213934153","0.158734827538875"
"gene4.fasta","3102","0.262595632215885","0.242523299485325","0.268159688412853","0.226721379885937"
"gene5.fasta","7597","0.2760958907929","0.286367514456669","0.235416469171188","0.202120125579243"
"gene6.fasta","2353","0.272592786787012","0.279203026103891","0.25967192239991","0.188532264709187"
"gene7.fasta","3432","0.253855197525368","0.235226974397608","0.250510792270201","0.260407035806824"
"gene8.fasta","3902","0.283904285012388","0.248444997334281","0.249626276670256","0.218024440983075"
"gene9.fasta","1612","0.189868028948489","0.272256028848321","0.26354143189843","0.27433451030476"
"gene10.fasta","2175","0.26847618704777","0.224594117858814","0.254346808740415","0.252582886353"
"gene11.fasta","2898","0.239257868078083","0.259162825109556","0.281031244664504","0.220548062147857"
"gene12.fasta","2106","0.22764021741248","0.26981745923516","0.28799361009916","0.2145487132532"
"gene13.fasta","2338","0.281809462915601","0.218048451264564","0.26710358056266","0.233038505257175"
"gene14.fasta","1878","0.254310630312397","0.246738050557457","0.244022519041837","0.25492880008831"
"gene15.fasta","2588","0.278932070190548","0.237546714239577","0.261061470556572","0.222459745013303"
"gene16.fasta","2807","0.359040506902014","0.190767141887305","0.189439541374368","0.260752809836313"
"gene17.fasta","2433","0.295844254586927","0.211588867324276","0.267932531663299","0.224634346425499"
"gene18.fasta","2592","0.235054920950951","0.296505643950259","0.269239205628765","0.199200229470025"
"gene19.fasta","4144","0.28291663111187","0.256069203856984","0.259205136957078","0.201809028074068"
"gene20.fasta","4939","0.209954840682967","0.310384843741566","0.266745830409672","0.212914485165794"
"gene21.fasta","4215","0.328451978433702","0.225063967833318","0.221580005482957","0.224904048250023"
"gene22.fasta","1116","0.27035498489426","0.25226586102719","0.262915407854985","0.214463746223565"
"gene23.fasta","1333","0.312723328228688","0.217808831036243","0.256444614599285","0.213023226135784"
"gene24.fasta","2896","0.226280706261865","0.280649167130561","0.292724703464223","0.200345423143351"
"gene25.fasta","2149","0.324135774724953","0.208117561995584","0.229124733746312","0.238621929533152"
"gene26.fasta","2568","0.298035930373266","0.218858791771386","0.243246765335567","0.23985851251978"
"gene27.fasta","1438","0.251630237049061","0.285998152864459","0.221992107693599","0.24037950239288"
"gene28.fasta","1281","0.297621996532078","0.21148129799356","0.2160639088432","0.274832796631162"
"gene29.fasta","5175","0.314931728086918","0.217334188503118","0.232959067761902","0.234775015648062"
"gene30.fasta","2893","0.288308932739232","0.204993280995827","0.253285239408728","0.253412546856213"
"gene31.fasta","3897","0.279530078145487","0.229275711963078","0.239167147427493","0.252027062463943"
"gene32.fasta","1796","0.330153549098933","0.213497609415226","0.197338175799926","0.259010665685914"
"gene33.fasta","696","0.288767455980571","0.249544626593807","0.258955676988464","0.202732240437158"
"gene34.fasta","2676","0.287077814143976","0.203334647086039","0.248230717823055","0.26135682094693"
"gene35.fasta","1561","0.299572847511708","0.209407647573465","0.208764345633266","0.28225515928156"
"gene36.fasta","3227","0.240508152707747","0.261279549472857","0.275620457075503","0.222591840743894"
"gene37.fasta","1809","0.269024679272502","0.236797362048534","0.2654696274924","0.228708331186563"
"gene38.fasta","2899","0.299769272529859","0.217983170466884","0.221308360477742","0.260939196525516"
"gene39.fasta","2141","0.298795409727007","0.192544370263014","0.247214236498848","0.261445983511131"
"gene40.fasta","2411","0.29762652963141","0.194350992642981","0.206255314429369","0.30176716329624"
"gene41.fasta","2854","0.298789414414414","0.198310810810811","0.247353603603604","0.255546171171171"
"gene42.fasta","1711","0.298272640032325","0.234178493863326","0.223496136168493","0.244052729935855"
"gene43.fasta","3385","0.248054629188502","0.230158439305652","0.254529018702435","0.267257912803411"
"gene44.fasta",NA,"0.311539432150555","0.193422941514734","0.224802353145595","0.270235273189116"
"gene45.fasta","1454","0.230411149019835","0.204764933788238","0.245185913375354","0.319638003816573"
"gene46.fasta","1149","0.233971721403456","0.229744894142291","0.234158749158375","0.302124635295878"
"gene47.fasta","2353","0.327270010831808","0.217495237739514","0.273970044447765","0.181264706980914"
"gene48.fasta","1443","0.289684903145296","0.208797753764996","0.196602285941178","0.304915057148529"
"gene49.fasta","2756","0.235272875005643","0.267232429016386","0.268616741148678","0.228877954829293"
"gene50.fasta","5832","0.275528307024565","0.266451575638053","0.269603676901369","0.188416440436013"
"gene51.fasta","1726","0.211279378503294","0.277239649916413","0.262415183400531","0.249065788179762"
"gene52.fasta","3196","0.32148305976431","0.190630260942761","0.205571338383838","0.282315340909091"
"gene53.fasta","3853","0.31213284248453","0.200712775123365","0.206482859455367","0.280671522936738"
"gene54.fasta","2798","0.292993005620734","0.251096813983152","0.225137714982549","0.230772465413565"
"gene55.fasta","1801","0.319113067503337","0.206303121122012","0.245264464164462","0.22931934721019"
"gene56.fasta","3494","0.289649447672562","0.214277504629334","0.238145712278909","0.257927335419194"
"gene57.fasta","2578","0.283458143329289","0.256285821863364","0.234280215872485","0.225975818934862"
"gene58.fasta","3365","0.226573115307126","0.292976619969077","0.254849365131425","0.225600899592372"
"gene59.fasta",NA,"0.28971206950897","0.242911373322918","0.267366964053228","0.200009593114884"
"gene60.fasta","2100","0.3086875","0.21075","0.250645833333333","0.229916666666667"
"gene61.fasta","2909","0.285186458154322","0.212252964426877","0.266231311221859","0.236329266196941"
"gene62.fasta","3316","0.255735426943653","0.254193010491211","0.254832210102133","0.235239352463003"
"gene63.fasta","2252","0.304962964457989","0.205784406724928","0.232466143257917","0.256786485559166"
"gene64.fasta","2404","0.30056529313471","0.208198528104668","0.229281473317453","0.261954705443169"
"gene65.fasta","3042","0.276527101683059","0.253286890979429","0.250603132003826","0.219582875333685"
"gene66.fasta","2202","0.244013326216201","0.28005301036279","0.29326878830827","0.182664875112739"
"gene67.fasta","3617","0.335548971805272","0.204819013676466","0.230182243552601","0.229449770965661"
"gene68.fasta","3115","0.28030630435957","0.261911836205499","0.219477607908811","0.23830425152612"
"gene69.fasta","2207","0.301534594026715","0.213942668467657","0.228050427735254","0.256472309770374"
"gene70.fasta","5755","0.283928988554076","0.227976816164448","0.231093786498482","0.257000408782995"
"gene71.fasta","5755","0.283928988554076","0.227976816164448","0.231093786498482","0.257000408782995"
"gene72.fasta","1869","0.292858392372955","0.206026414764279","0.233621971486049","0.267493221376717"
"gene73.fasta","2163","0.308709709023219","0.229724698736161","0.232781424512589","0.22878416772803"
"gene74.fasta","4014","0.267663427518787","0.254934258618505","0.251903039990643","0.225499273872065"
"gene75.fasta","1798","0.230179081451831","0.307690704025684","0.244834990722789","0.217295223799696"
"gene76.fasta","2253","0.288338704386253","0.22643329924162","0.215993516142105","0.269234480230023"
"gene77.fasta","729","0.294451450189155","0.236673162902671","0.301731055829417","0.167144331078757"
"gene78.fasta","3183","0.276758946657664","0.209358541525996","0.247656988521269","0.266225523295071"
"gene79.fasta","2975","0.298641485781248","0.20165147365409","0.240063224733952","0.25964381583071"
"gene80.fasta","2609","0.250929033314234","0.289400016370631","0.248997298845871","0.210673651469264"
"gene81.fasta","3486","0.231934031282964","0.269954516066831","0.274400825743226","0.223710626906979"
"gene82.fasta","3528","0.31905657825162","0.195250919196763","0.232264728667872","0.253427773883745"
"gene83.fasta","1210","0.285018270401949","0.195406298938577","0.204245693405255","0.31532973725422"
"gene84.fasta","1949","0.274618428490673","0.258428490672696","0.246512153759186","0.220440927077445"
"gene85.fasta","1846","0.306085397803006","0.21386220526727","0.214597600772165","0.265454796157559"
"gene86.fasta","1458","0.28944334407426","0.228752180211074","0.234309870813256","0.24749460490141"
"gene87.fasta","2500","0.274314512684719","0.227556162979414","0.242316562740241","0.255812761595627"
"gene88.fasta","5391","0.272419184449609","0.235081343756603","0.281157828016057","0.211341643777731"
"gene89.fasta","6260","0.255625865137433","0.261070463384088","0.25127545975875","0.232028211719728"
"gene90.fasta","3670","0.310551503043256","0.210251823630535","0.26687729405752","0.212319379268689"
"gene91.fasta","1107","0.291232080773444","0.222079344668286","0.278373100919179","0.208315473639091"
"gene92.fasta","3357","0.260140537921008","0.233632178337776","0.241676762781682","0.264550520959535"
"gene93.fasta","4345","0.252034046227044","0.242480832574769","0.257054644757463","0.248430476440724"
"gene94.fasta","1272","0.248807176029009","0.241363954450029","0.30326356638463","0.206565303136332"
"gene95.fasta","3536","0.277197112926432","0.235329789890486","0.251001795502919","0.236471301680163"
"gene96.fasta","2941","0.22375383715831","0.308302879695951","0.25515275544511","0.212790527700629"
"gene97.fasta","2521","0.282041487435851","0.237033100264071","0.256165816877315","0.224759595422763"
"gene98.fasta","1107","0.254534346481347","0.215472144793616","0.222459811371186","0.307533697353851"
"gene99.fasta","1863","0.297800299435679","0.208983070367385","0.293285730738224","0.199930899458712"
"gene100.fasta","1908","0.300453982666116","0.238526619892695","0.258439950474618","0.20257944696657"
"gene101.fasta","1540","0.306385945343001","0.210568878973787","0.232905744562186","0.250139431121026"
"gene102.fasta","2031","0.310656304675103","0.19847825202425","0.237539162631729","0.253326280668918"
"gene103.fasta","2031","0.310656304675103","0.19847825202425","0.237539162631729","0.253326280668918"
"gene104.fasta","1166","0.273693962218552","0.229467917992508","0.265356265356265","0.231481854432674"
"gene105.fasta","3990","0.297726487606875","0.211060972450125","0.243522756714742","0.247689783228258"
"gene106.fasta","1110","0.301617830071275","0.217671682317004","0.23796055360712","0.242749934004601"
"gene107.fasta","1053","0.308041001347654","0.239841548576796","0.239596520602769","0.212520929472781"
"gene108.fasta","6946","0.246548914345971","0.256458802665005","0.256950103053252","0.240042179935771"
"gene109.fasta","2321","0.300368924388409","0.212131523335363","0.238332318492783","0.249167233783445"
"gene110.fasta","3867","0.276625570199124","0.233514494835174","0.27428157782859","0.215578357137112"
"gene111.fasta","3913","0.293624015918332","0.19192836750584","0.228631369495631","0.285816247080197"
"gene112.fasta","1911","0.290766048907093","0.217466239506874","0.256275599172716","0.235492112413318"
"gene113.fasta","2728","0.269496776052736","0.238806238968337","0.287831850437664","0.203865134541263"
"gene114.fasta","1838","0.252790575076211","0.211533612963854","0.266955465401453","0.268720346558482"
"gene115.fasta","3416","0.312164989292037","0.198029239548904","0.227615404612471","0.262190366546589"
"gene116.fasta","1488","0.324110893307197","0.173340800896108","0.236740408849062","0.265807896947634"
"gene117.fasta","3872","0.237214245434434","0.269064763805145","0.266798247516592","0.226922743243829"
"gene118.fasta","2768","0.310311207560818","0.210580113538079","0.235253416363951","0.243855262537151"
"gene119.fasta","3086","0.339062017481438","0.20808550061091","0.236388780730139","0.216463701177513"
"gene120.fasta","1478","0.297169941304528","0.219515555678029","0.224448179889223","0.258866323128221"
"gene121.fasta",NA,"0.319633158931307","0.182757408770499","0.214594067678596","0.283015364619598"
"gene122.fasta","1964","0.31870780052539","0.18905364625171","0.234732202948264","0.257506350274636"
"gene123.fasta","3543","0.27346784881861","0.25957451670399","0.266589735386865","0.200367899090535"
"gene124.fasta","1482","0.264147866268008","0.260043490078826","0.250475672737157","0.22533297091601"
"gene125.fasta","812","0.298764050658664","0.222928640455725","0.220131224251055","0.258176084634556"
"gene126.fasta","4705","0.292555696097349","0.268846192907461","0.237085799226302","0.201512311768888"
"gene127.fasta","3478","0.325708102122733","0.230896027581694","0.234922552313364","0.208473317982208"
"gene128.fasta","6523","0.271156350781444","0.238774497643265","0.243131356983379","0.246937794591913"
"gene129.fasta","4118","0.208146255254108","0.290325277034773","0.262144153611005","0.239384314100115"
"gene130.fasta","1461","0.352478946744158","0.204009014351797","0.22888743921243","0.214624599691614"
"gene131.fasta","2113","0.280917329534212","0.2244251850093","0.257350904270054","0.237306581186434"
"gene132.fasta","7963","0.260258283873662","0.29019058128784","0.261809180112738","0.18774195472576"
"gene133.fasta",NA,"0.298283642224013","0.232514101531023","0.247671232876712","0.221531023368251"
"gene134.fasta","2077","0.320101127489959","0.200603502762656","0.227965013150651","0.251330356596734"
"gene135.fasta",NA,"0.289460584090677","0.228434851424487","0.247147196977433","0.234957367507403"
"gene136.fasta",NA,"0.289460584090677","0.228434851424487","0.247147196977433","0.234957367507403"
"gene137.fasta","2857","0.284906851446775","0.230148127486531","0.2526535226155","0.232291498451194"
"gene138.fasta","2947","0.266808880461405","0.259002923283559","0.239235205814964","0.234952990440073"
"gene139.fasta","3255","0.276569516597693","0.237336318695833","0.247625756298821","0.238468408407653"
"gene140.fasta","3174","0.251157506036074","0.274137196420963","0.262050845050419","0.212654452492544"
"gene141.fasta","7612","0.292690948532242","0.252447430110913","0.253301144116721","0.201560477240125"
"gene142.fasta","1641","0.261980993037557","0.243914214565228","0.25057173349596","0.243533058901255"
"gene143.fasta","2935","0.299869098265552","0.239074167732722","0.2583821735638","0.202674560437926"
"gene144.fasta","5588","0.269694418975184","0.259728840054713","0.251371582317486","0.219205158652618"
"gene145.fasta","6313","0.259013282732448","0.281827470442271","0.259166545029923","0.199992701795358"
"gene146.fasta","5271","0.291125997290381","0.247516182447689","0.27611771789854","0.18524010236339"
"gene147.fasta","3476","0.311117605798457","0.209679682020108","0.24189852700491","0.237304185176526"
"gene148.fasta","2626","0.308426270136307","0.207419454770756","0.244950433705081","0.239203841387856"
"gene149.fasta",NA,"0.305578576276644","0.223666276991414","0.263067384547272","0.207687762184669"
"gene150.fasta","1963","0.230579192972825","0.235495221221271","0.239188481022135","0.29473710478377"
"gene151.fasta","3729","0.251950734823564","0.230910866856033","0.260629399678901","0.256508998641503"
"gene152.fasta","1425","0.240158636897767","0.261603995299647","0.273883666274971","0.224353701527615"
"gene153.fasta","5910","0.308678675672137","0.207074479964882","0.20854544194321","0.275701402419771"
"gene154.fasta","2893","0.254223090883708","0.246823956442831","0.25524687049188","0.243706082181581"
"gene155.fasta","2491","0.286623619620648","0.240617089188098","0.239388047107165","0.233371244084088"
"gene156.fasta","2181","0.282919254658385","0.258812111801242","0.250329968944099","0.207938664596273"
"gene157.fasta","1620","0.259779288599862","0.25187210562617","0.287368213617105","0.200980392156863"
"gene158.fasta","2015","0.252123153898484","0.2233755403893","0.213434571748338","0.311066733963879"
"gene159.fasta","1288","0.309401760945604","0.213846339404173","0.200880472801833","0.27587142684839"
"gene160.fasta",NA,"0.300134025224234","0.197917454208048","0.207168631224441","0.294779889343276"
"gene161.fasta","3847","0.283802236864921","0.189309866481706","0.221356424484134","0.305531472169239"
"gene162.fasta","2450","0.347791262558549","0.179467534954989","0.222388605456983","0.250352597029479"
"gene163.fasta","1237","0.306684193753983","0.208771510516252","0.229565009560229","0.254979286169535"
"gene164.fasta","2819","0.288319475782771","0.219222328686675","0.246113188885111","0.246345006645442"
"gene165.fasta","1462","0.316605731807996","0.24227503243307","0.224436843967449","0.216682391791485"
"gene166.fasta","2926","0.217725741676383","0.259538152610442","0.256995724834823","0.265740380878352"
"gene167.fasta","3452","0.297779286395029","0.244004334373409","0.226993224277713","0.231223154953849"
"gene168.fasta","2904","0.282040957202025","0.263086746433502","0.241227565577543","0.21364473078693"
"gene169.fasta","7144","0.287909614041846","0.239219415886163","0.242036452941035","0.230834517130956"
"gene170.fasta","6105","0.327789498985151","0.195224869137913","0.209512872556351","0.267472759320585"
"gene171.fasta","3768","0.294422453289633","0.206783533946521","0.215254295968887","0.283539716794959"
"gene172.fasta","1928","0.226689049248948","0.239420959689551","0.236913819791144","0.296976171270357"
"gene173.fasta","2614","0.250277999655437","0.24171091168225","0.279816441917649","0.228194646744663"
"gene174.fasta","6330","0.312333484496344","0.242262343404569","0.239839011393912","0.205565160705175"
"gene175.fasta","2057","0.234334780437205","0.279227016020592","0.284221445310999","0.202216758231204"
"gene176.fasta","7703","0.250888967783019","0.307061588138831","0.264875769922177","0.177173674155974"
"gene177.fasta","917","0.258876581585745","0.254804956000175","0.283087430497789","0.203231031916291"
"gene178.fasta","4656","0.275247205213946","0.241073269563502","0.234421364985163","0.249258160237389"
"gene179.fasta","3625","0.282307134085073","0.238598303003238","0.263788098693759","0.21530646421793"
"gene180.fasta","6843","0.300693571129149","0.206102409715077","0.221955464095626","0.271248555060148"
"gene181.fasta","4137","0.287934318963018","0.212003561519029","0.234635772559738","0.265426346958214"
"gene182.fasta","993","0.243305279265494","0.26993842678617","0.237548730280176","0.24920756366816"
"gene183.fasta","982","0.244066815513107","0.239311998676921","0.243074505912511","0.273546679897461"
"gene184.fasta","1890","0.270638908829864","0.219849246231156","0.279657214644652","0.229854630294329"
"gene185.fasta","2100","0.240371444686166","0.276508742244783","0.29429538312787","0.188824429941181"
"gene186.fasta",NA,"0.300613624221299","0.207475530242908","0.21754353204799","0.274367313487803"
"gene187.fasta",NA,"0.300613624221299","0.207475530242908","0.21754353204799","0.274367313487803"
"gene188.fasta","3992","0.252733588194188","0.289760348583878","0.290962716323427","0.166543346898508"
"gene189.fasta","3992","0.252733588194188","0.289760348583878","0.290962716323427","0.166543346898508"
"gene190.fasta","7055","0.257138223812999","0.266219550335337","0.247634105941087","0.229008119910577"
"gene191.fasta","7805","0.256802756067462","0.271385232414644","0.288368983957219","0.183443027560675"
"gene192.fasta","2018","0.301980302869851","0.22751244307953","0.223700095308694","0.246807158741925"
"gene193.fasta","2300","0.247883872183995","0.248732208502215","0.277179753039872","0.226204166273918"
"gene194.fasta","1951","0.317722144815497","0.212054474358398","0.21153759719538","0.258685783630725"
"gene195.fasta","2373","0.305179098637641","0.188240315868104","0.249048482908263","0.257532102585992"
"gene196.fasta","1842","0.294370305716976","0.190091186806624","0.22707122677263","0.288467280703769"
"gene197.fasta","2243","0.306876573791635","0.206972792597294","0.254427088664606","0.231723544946465"
"gene198.fasta","5707","0.306817271489225","0.192997021403654","0.221996460641017","0.278189246466103"
"gene199.fasta","2243","0.328167646681687","0.220457584583539","0.225733179461816","0.225641589272957"
"gene200.fasta","2130","0.259228604535673","0.246978976990564","0.263808420239475","0.229983998234288"
"gene201.fasta","3023","0.268027921292734","0.250989337144113","0.232590414422337","0.248392327140816"
"gene202.fasta","3448","0.278840470054146","0.228394769820065","0.253126995010995","0.239637765114794"
"gene203.fasta","486","0.220462259576531","0.283578470987555","0.238968805560045","0.256990463875869"
"gene204.fasta","2974","0.313636014442652","0.204133056771914","0.22636552200968","0.255865406775755"
"gene205.fasta","4326","0.279395195817748","0.302604894317004","0.239882374149353","0.178117535715895"
"gene206.fasta","2920","0.317553771711465","0.203857018991413","0.211576650910413","0.267012558386709"
"gene207.fasta","5435","0.294350755909361","0.224712824272895","0.269831709786669","0.211104710031074"
"gene208.fasta","1007","0.228266707588429","0.249060078262871","0.233637688943451","0.289035525205248"
"gene209.fasta","2168","0.276292764021349","0.198661300201242","0.250349986875492","0.274695948901916"
"gene210.fasta","3074","0.259527352180266","0.241055749922923","0.315357702979853","0.184059194916958"
"gene211.fasta","2178","0.266843890365753","0.283105692547438","0.242258685489046","0.207791731597763"
"gene212.fasta","2545","0.258825678020272","0.254679937905214","0.264487261437312","0.222007122637202"
"gene213.fasta","6765","0.267222358421182","0.246953910272126","0.241897523902917","0.243926207403775"
"gene214.fasta","3902","0.283658684952718","0.223746059835204","0.211126472377371","0.281468782834707"
"gene215.fasta","2396","0.232567049808429","0.271630851241046","0.28064301182742","0.215159087123105"
"gene216.fasta","2336","0.296389885317453","0.259104804650916","0.257514445759926","0.186990864271704"
"gene217.fasta","2403","0.312666810935584","0.215537762389093","0.256997042487196","0.214798384188127"
"gene218.fasta","2888","0.27719189732488","0.259285603834854","0.244502860677285","0.219019638162981"
"gene219.fasta","1064","0.254258547440825","0.221727695731337","0.23143839773417","0.292575359093668"
"gene220.fasta","1377","0.247866053841103","0.250191507988619","0.25919238345371","0.242750054716568"
"gene221.fasta","1505","0.296473635076942","0.206462492847894","0.244165386816033","0.252898485259132"
"gene222.fasta","2304","0.284402969408981","0.236312284116715","0.239995419934734","0.23928932653957"
"gene223.fasta","3435","0.311662262791256","0.2036632236368","0.215181359596445","0.269493153975498"
"gene224.fasta","2881","0.2377426194748","0.241657152177459","0.237497961180884","0.283102267166857"
"gene225.fasta","2353","0.395729642718375","0.174218735544989","0.201398782541122","0.228652839195515"
"gene226.fasta","7924","0.256317032163299","0.263394293275388","0.262514187905531","0.217774486655782"
"gene227.fasta","2323","0.277044760663465","0.21694727633059","0.224303236979771","0.281704726026174"
"gene228.fasta","5862","0.275814746224167","0.241675459113279","0.253945533560092","0.228564261102462"
"gene229.fasta","2982","0.326986264476165","0.199636412604363","0.283328844600054","0.190048478319418"
"gene230.fasta","3055","0.220791545899915","0.274924974991664","0.278541565137097","0.225741913971324"
"gene231.fasta","1710","0.265325601928079","0.246020951153745","0.287374424320519","0.201279022597657"
"gene232.fasta","980","0.287515660995029","0.255627854342642","0.244028614153498","0.212827870508831"
"gene233.fasta","4906","0.217645299384966","0.3026938104051","0.282167760267699","0.197493129942235"
"gene234.fasta","1456","0.302695680415719","0.202663202338422","0.235493125473639","0.25914799177222"
"gene235.fasta","2552","0.28546803277101","0.244523638899111","0.240262632914334","0.229745695415545"
"gene236.fasta",NA,"0.259665835808834","0.238848863545828","0.248915901253116","0.252569399392222"
"gene237.fasta",NA,"0.338769651857539","0.21690310090457","0.210107146433459","0.234220100804433"
"gene238.fasta","1117","0.244822644213544","0.261626657112146","0.238910784664995","0.254639914009316"
"gene239.fasta","3564","0.294353559613903","0.227149136719989","0.218493678343227","0.26000362532288"
"gene240.fasta","798","0.240382439465943","0.259617560534057","0.272686128083277","0.227313871916723"
"gene241.fasta","3197","0.2949938984192","0.211830053441432","0.234973980615208","0.258202067524161"
"gene242.fasta","3197","0.2949938984192","0.211830053441432","0.234973980615208","0.258202067524161"
"gene243.fasta","4710","0.299107835885635","0.215178661114612","0.217059785040499","0.268653717959254"
"gene244.fasta","1729","0.242762328424959","0.267740324000285","0.24033589456907","0.249161453005685"
"gene245.fasta","1200","0.250409690060563","0.241681510509441","0.227395796223726","0.28051300320627"
"gene246.fasta","4767","0.269085323870558","0.258450293946295","0.281965997563688","0.190498384619459"
"gene247.fasta","991","0.309826544227298","0.241856997095989","0.196844831645868","0.251471627030845"
"gene248.fasta","2305","0.297425451059605","0.245574994008696","0.223321578965387","0.233677975966312"
"gene249.fasta","2470","0.252389128251644","0.272393015646765","0.268554212964463","0.206663643137128"
"gene250.fasta","2803","0.261414474727925","0.300282387283054","0.251737157724403","0.186565980264619"
"gene251.fasta","2803","0.261414474727925","0.300282387283054","0.251737157724403","0.186565980264619"
"gene252.fasta","1552","0.237275850961022","0.250859014281112","0.213465048856437","0.298400085901428"
"gene253.fasta","4735","0.293704404215077","0.28307383139692","0.251612739800054","0.171609024587949"
"gene254.fasta","2587","0.268237786310075","0.239143386733748","0.260062226929697","0.23255660002648"
"gene255.fasta","4039","0.265699025317602","0.248720037820493","0.244575877365038","0.241005059496867"
"gene256.fasta","1417","0.310009337630652","0.239946986355011","0.218229464742914","0.231814211271424"
"gene257.fasta","937","0.249787113255748","0.246437695146182","0.20794777178541","0.29582741981266"
"gene258.fasta","2423","0.263525870300539","0.241386007218113","0.267215847480943","0.227872275000405"
"gene259.fasta","1564","0.287845934379458","0.252296718972896","0.245449358059914","0.214407988587732"
"gene260.fasta","4137","0.304187406097648","0.242178636767817","0.215737778640856","0.237896178493679"
"gene261.fasta","1089","0.35722449581536","0.196032887217491","0.204033477122737","0.242709139844413"
"gene262.fasta","5714","0.266701377176129","0.240199169881055","0.27261927459924","0.220480178343575"
"gene263.fasta","989","0.378803469057769","0.161105394678818","0.266059091577245","0.194032044686168"
"gene264.fasta","2220","0.33624484662148","0.171144574103836","0.247379638040668","0.245230941234016"
"gene265.fasta","2176","0.261652148015784","0.231386345022709","0.266957039684312","0.240004467277195"
"gene266.fasta","2480","0.285926683825998","0.252753752937603","0.243625201835302","0.217694361401097"
"gene267.fasta","1544","0.305375015445447","0.203286791053997","0.245916223897195","0.245421969603361"
"gene268.fasta","2350","0.354473553216202","0.193617374310946","0.255065356464667","0.196843716008186"
"gene269.fasta","971","0.242646719305536","0.224407812716443","0.252666574317773","0.280278893660248"
"gene270.fasta","3573","0.304299908732414","0.211516936164351","0.245699230252622","0.238483924850614"
"gene271.fasta","2863","0.282362012278507","0.225217492507783","0.242049521371003","0.250370973842707"
"gene272.fasta","2245","0.246674571520966","0.287140239301498","0.270216664870109","0.195968524307427"
"gene273.fasta","3265","0.34976004953816","0.177292429949946","0.214974972908819","0.257972547603075"
"gene274.fasta","1690","0.256734345160318","0.243768217911348","0.23411900693537","0.265378429992964"
"gene275.fasta","1149","0.362534741523068","0.212636649990736","0.222234574763758","0.202594033722438"
"gene276.fasta","2019","0.305130724538619","0.231117566643882","0.236051777170198","0.2276999316473"
"gene277.fasta","2435","0.262660102169246","0.257958836159029","0.27228474124528","0.207096320426446"
"gene278.fasta","2102","0.308511240727108","0.188402514298658","0.242350453970591","0.260735791003643"
"gene279.fasta","7128","0.239114404310232","0.27125679420545","0.258405785035502","0.231223016448816"
"gene280.fasta","3034","0.273829104322693","0.239927822046213","0.256503201699056","0.229739871932038"
"gene281.fasta","5345","0.29980413786893","0.201085121231905","0.232910841456734","0.266199899442431"
"gene282.fasta","3418","0.281176085295295","0.201787901944374","0.23749742246158","0.279538590298752"
"gene283.fasta","6520","0.291621355372747","0.211500326241316","0.258696569988358","0.238181748397579"
"gene284.fasta","2657","0.270928134014099","0.254608277159913","0.25193971833593","0.222523870490058"
"gene285.fasta","1466","0.285910111704144","0.207192230291364","0.225216554379211","0.281681103625281"
"gene286.fasta","2960","0.268245729116162","0.283931779938967","0.282462995180104","0.165359495764766"
"gene287.fasta","1986","0.306187043711302","0.22493300064689","0.261944367433694","0.206935588208114"
"gene288.fasta","4968","0.235827645051195","0.29179180887372","0.258941979522184","0.213438566552901"
"gene289.fasta","1341","0.248174290341308","0.263513307055337","0.322577688147401","0.165734714455954"
"gene290.fasta","4538","0.289971621916612","0.25816197336826","0.244077712289893","0.207788692425235"
"gene291.fasta","5389","0.332707213847544","0.193510548924501","0.230919206809644","0.242863030418311"
"gene292.fasta","1983","0.290205210304177","0.217227685718444","0.233465704721708","0.259101399255671"
"gene293.fasta","2558","0.261939218523878","0.249176340179204","0.259583705391508","0.22930073590541"
"gene294.fasta","4584","0.285195430851164","0.2616533995747","0.236173055571238","0.216978114002898"
"gene295.fasta","3182","0.313315086137498","0.211506467020877","0.210513604894542","0.264664841947083"
"gene296.fasta","2018","0.273152440406288","0.239301975812267","0.259430949584853","0.228114634196592"
"gene297.fasta","3792","0.246450785812639","0.313648449741228","0.268363325578083","0.17153743886805"
"gene298.fasta","2813","0.314904703565281","0.191306235752059","0.231813035993983","0.261976024688678"
"gene299.fasta","978","0.293547026571067","0.192661324335723","0.2201602699283","0.293631379164909"
"gene300.fasta","2027","0.289400808221707","0.24367679337012","0.220989148495354","0.245933249912819"
"gene301.fasta","1776","0.326429007561881","0.197454323423043","0.218472594053826","0.257644074961251"
"gene302.fasta","3196","0.32330091500259","0.193229556310065","0.240231340277378","0.243238188409967"
"gene303.fasta","2092","0.235889711727543","0.257039454416133","0.270135140789088","0.236935693067236"
"gene304.fasta","4440","0.341655517890014","0.194572138452717","0.197720620039633","0.266051723617636"
"gene305.fasta","1245","0.265211114057574","0.254191343292378","0.266242376027579","0.21435516662247"
"gene306.fasta","3248","0.355671843349088","0.194424245572119","0.241196177219135","0.208707733859658"
"gene307.fasta","2940","0.23648870943622","0.281112606550022","0.247973680275161","0.234425003738597"
"gene308.fasta",NA,"0.290603898828825","0.226071033456682","0.207446686758479","0.275878380956014"
"gene309.fasta","3726","0.257456200682782","0.25314192104243","0.238773494066302","0.250628384208486"
"gene310.fasta","3084","0.239799155792203","0.268698099153033","0.263166606891605","0.228336138163158"
"gene311.fasta","2823","0.272523868421418","0.248342760259599","0.259682866156177","0.219450505162806"
"gene312.fasta","2232","0.302479180626017","0.23038192782617","0.259902364315114","0.207236527232698"
"gene313.fasta","2159","0.293430135681981","0.246322304213283","0.248916924541776","0.211330635562961"
"gene314.fasta","1272","0.303098762518124","0.203864180463297","0.28516033314226","0.207876723876319"
"gene315.fasta","823","0.217844893292683","0.263290777439024","0.290158155487805","0.228706173780488"
"gene316.fasta","4710","0.222465952898787","0.2584872725915","0.315501582175094","0.203545192334618"
"gene317.fasta","2043","0.270035897229057","0.208728270076231","0.226918888395918","0.294316944298794"
"gene318.fasta","865","0.291452314998021","0.224030470914127","0.274089829837752","0.210427384250099"
"gene319.fasta","6592","0.318178168763692","0.199192540172273","0.229690206108709","0.252939084955326"
"gene320.fasta","6517","0.354771825071356","0.193425412552082","0.220320855614973","0.231481906761589"
"gene321.fasta","2415","0.281275343881689","0.220974795261191","0.265325594338873","0.232424266518248"
"gene322.fasta","918","0.267599797412404","0.243381371149685","0.244348266494774","0.244670564943137"
"gene323.fasta","2318","0.378571974327628","0.184863997555012","0.219552261613692","0.217011766503667"
"gene324.fasta","1127","0.253702274648146","0.255833608936905","0.24414801749164","0.246316098923309"
"gene325.fasta","4400","0.304306024342845","0.190733353789506","0.234110667894037","0.270849953973612"
"gene326.fasta","3333","0.26953389987296","0.240783452767123","0.260739790569459","0.228942856790458"
"gene327.fasta","1599","0.247238805970149","0.236094527363184","0.258880597014925","0.257786069651741"
"gene328.fasta","1957","0.292321943619866","0.240615591907198","0.251142129307985","0.215920335164951"
"gene329.fasta","2709","0.312422161903241","0.195321730799936","0.241082548299537","0.251173558997286"
"gene330.fasta","4449","0.296998294145227","0.225841205869737","0.238729886376106","0.23843061360893"
"gene331.fasta","3401","0.365148474867174","0.175557490629614","0.219172377238481","0.240121657264731"
"gene332.fasta","2267","0.298258851936391","0.243572088811756","0.235234196676162","0.222934862575692"
"gene333.fasta","1464","0.276621685278063","0.222034414918673","0.238355177477902","0.262988722325362"
"gene334.fasta","982","0.26077657124054","0.201628825271471","0.272910496873972","0.264684106614018"
"gene335.fasta","1651","0.293605599177182","0.210847151493866","0.261696309861275","0.233850939467677"
"gene336.fasta","1905","0.265586922297224","0.197739869309237","0.267053419310315","0.269619789083224"
"gene337.fasta","1113","0.243159040576555","0.291505574115086","0.251980030779625","0.213355354528734"
"gene338.fasta","3190","0.325854215601033","0.208152195071309","0.184417134922592","0.281576454405066"
"gene339.fasta","2040","0.285611584677005","0.222224504467495","0.240176645784122","0.251987265071377"
"gene340.fasta","3416","0.329926012461059","0.208211643302181","0.278122566199377","0.183739778037383"
"gene341.fasta","2314","0.307793159295107","0.205876682219566","0.232406586202907","0.25392357228242"
"gene342.fasta","702","0.225116501374119","0.247819333253674","0.242143625283785","0.284920540088422"
"gene343.fasta","3700","0.303764517420905","0.264066880256308","0.202943532238686","0.229225070084101"
"gene344.fasta","7585","0.27332922697875","0.247777789577647","0.294829179189278","0.184063804254325"
"gene345.fasta","1342","0.254685292732695","0.256380474022916","0.236226652016952","0.252707581227437"
"gene346.fasta","1539","0.273779253801048","0.221005656167298","0.227102900731669","0.278112189299984"
"gene347.fasta","2162","0.252511243635211","0.223703762407624","0.240524636934599","0.283260357022567"
"gene348.fasta","1077","0.302771033260107","0.213512159401858","0.235364396654719","0.248352410683316"
"gene349.fasta","2459","0.293651325713136","0.196745215030336","0.23105286092582","0.278550598330708"
"gene350.fasta","1712","0.278171349730691","0.205922152352145","0.225185067261005","0.29072143065616"
"gene351.fasta","1614","0.286340804202045","0.244396848466305","0.236900481909279","0.232361865422372"
"gene352.fasta","2594","0.300642187844181","0.263178406221936","0.236626734669671","0.199552671264212"
"gene353.fasta","1901","0.295230629065407","0.219844481640782","0.234887810665932","0.250037078627879"
"gene354.fasta","2378","0.223001033872466","0.288870976220933","0.291254139870678","0.196873850035923"
"gene355.fasta","2429","0.310915809447718","0.219994007789873","0.223669230000999","0.24542095276141"
"gene356.fasta","1387","0.284085714285714","0.201714285714286","0.2632","0.251"
"gene357.fasta","2535","0.273227586861291","0.232426106621543","0.238672844875302","0.255673461641864"
"gene358.fasta","2178","0.30893251117271","0.226659878184458","0.240934547717373","0.223473062925459"
"gene359.fasta","2200","0.307460696883332","0.214719132113634","0.2527581134504","0.225062057552634"
"gene360.fasta","636","0.291372367813057","0.257442735494092","0.228199881180276","0.222985015512575"
"gene361.fasta","1010","0.357606432915629","0.178211355565533","0.229152210294298","0.23503000122454"
"gene362.fasta","1801","0.25585180769848","0.264999197597377","0.266397670739815","0.212751323964327"
"gene363.fasta","2080","0.298038278551411","0.200712563272577","0.244378788207947","0.256870369968065"
"gene364.fasta","2138","0.325903647803384","0.205435725224643","0.271435688322232","0.197224938649741"
"gene365.fasta","2690","0.338225948945272","0.240766285900277","0.234148080410422","0.186859684744029"
"gene366.fasta","2899","0.295908889555737","0.212057558480159","0.243894771437962","0.248138780526143"
"gene367.fasta","3069","0.255172317449674","0.226967296704525","0.242920805219116","0.274939580626685"
"gene368.fasta","1591","0.262551586948131","0.245984382886494","0.245925002226775","0.2455390279386"
"gene369.fasta","2842","0.302418750133899","0.227221115324464","0.298798123272704","0.171562011268933"
"gene370.fasta","2673","0.268073441285222","0.206218921331123","0.247418079816397","0.278289557567257"
"gene371.fasta","1064","0.305643182614791","0.241456361724501","0.239309498773221","0.213590956887487"
"gene372.fasta","2315","0.2900606380174","0.242393883469549","0.280780384919589","0.186765093593462"
"gene373.fasta","1264","0.280444396505231","0.240103548700248","0.284255563944918","0.195196490849603"
"gene374.fasta","2629","0.288020575111552","0.195076227069906","0.250790158651463","0.26611303916708"
"gene375.fasta","1258","0.25061789421651","0.239780980265409","0.299669188942545","0.209931936575535"
"gene376.fasta","1689","0.256039342689217","0.251457358762145","0.286649874055416","0.205853424493223"
"gene377.fasta","1641","0.276452144337567","0.231758516235319","0.228038475846309","0.263750863580805"
"gene378.fasta","1544","0.275444444444444","0.216361111111111","0.321055555555556","0.187138888888889"
"gene379.fasta","1465","0.248334566987417","0.259181233274498","0.269600865455788","0.222883334282298"
"gene380.fasta","3080","0.315036875170718","0.214367659109533","0.231972138759902","0.238623326959847"
"gene381.fasta","3307","0.312181212096871","0.234668058958191","0.253731742908015","0.199418986036923"
"gene382.fasta","6114","0.305944442171583","0.223335924395532","0.247555537372663","0.223164096060222"
"gene383.fasta","797","0.307194499216341","0.211790282622984","0.223722129531321","0.257293088629354"
"gene384.fasta","906","0.318911439114391","0.18279520295203","0.231411439114391","0.266881918819188"
"gene385.fasta","2977","0.262012792639506","0.2935690203863","0.255868544600939","0.188549642373255"
"gene386.fasta","2977","0.262012792639506","0.2935690203863","0.255868544600939","0.188549642373255"
"gene387.fasta","3927","0.280983119274195","0.248985160045252","0.258157538652647","0.211874182027905"
"gene388.fasta","1506","0.296161558292753","0.23460326553996","0.237410484101977","0.231824692065311"
"gene389.fasta","1869","0.285771000210177","0.220172345344574","0.220429228649494","0.273627425795754"
"gene390.fasta","2622","0.32613466492796","0.200216278108203","0.222512006615566","0.251137050348271"
"gene391.fasta","7123","0.303461852984826","0.236877971953842","0.23480631189993","0.224853863161402"
